ax,ay,az,gx,gy,gz,mx,my,mz,lax,lay,laz,q1,q2,q3,q4
0,0,-0,0,0,-0,0,0,-0,0,0,-0,0,0,0,0
0,0,-0,0,0,-0,0,0,-0,0,0,-0,0,0,0,0
-0.01940918,-0.05337523,-0.00286865,0,0,-0,0,0,-0,0,0,-0,0,0,0,0
-0.01986694,-0.05346679,-0.003265379,0.002755165,-0.01103783,0.00620842,0,0,-0,-0.005670547,0.006239891,0.008562088,0.7635031,-0.2326506,0.5926659,0.10809
-0.02044677,-0.05355834,-0.00286865,0.002449989,-0.01073265,0.00645256,0,0,-0,-0.00614357,0.006137848,0.008883476,0.763124,-0.2338161,0.5927133,0.1079926
-0.02041626,-0.0534973,-0.002807615,0.002327919,-0.01054955,0.005842209,0,0,-0,-0.006012917,0.006189346,0.008871078,0.7627476,-0.2349396,0.5927656,0.1079266
-0.02035522,-0.05416869,-0.002410887,0.002388954,-0.01054955,0.005842209,-0.156297,0.9384463,-0.045513,-0.005852699,0.005508423,0.009191513,0.7623581,-0.2360605,0.5928327,0.1078641
-0.01974487,-0.05584715,-0.003234861,0.002388954,-0.0101223,0.005292892,-0.156297,0.9384463,-0.045513,-0.005152702,0.003822327,0.008295059,0.7619795,-0.237103,0.5929086,0.1078365
-0.02017212,-0.05639647,-0.004119871,0.002327919,-0.0101223,0.005231857,-0.156297,0.9384463,-0.045513,-0.005491257,0.003264427,0.007340431,0.7616183,-0.2381392,0.5929617,0.1078117
-0.02087402,-0.05709837,-0.003662108,0.002785683,-0.01006126,0.004804611,-0.156297,0.9384463,-0.045513,-0.006106377,0.002555847,0.007722855,0.7612242,-0.2391701,0.5930568,0.1077909
-0.01992797,-0.05709837,-0.004211424,0.003182411,-0.009817123,0.004499435,-0.156297,0.9384463,-0.045513,-0.005081177,0.002550125,0.007097244,0.7608229,-0.2401487,0.5931762,0.1077904
-0.02050781,-0.05639647,-0.00640869,0.003029823,-0.009542465,0.004590988,-0.156297,0.9384463,-0.045513,-0.005578995,0.0032444,0.004834175,0.7604801,-0.2411078,0.5932307,0.1077686
-0.02124023,-0.05603026,-0.006927488,0.002297401,-0.009572983,0.00419426,-0.1142776,0.9355539,-0.05751282,-0.006231308,0.003601074,0.004258156,0.7601793,-0.2420549,0.5932299,0.1077722
-0.02111816,-0.05670165,-0.007202147,0.002205849,-0.008810043,0.003675461,-0.1142776,0.9355539,-0.05751282,-0.006035805,0.002921104,0.003929138,0.7598949,-0.2429237,0.5932377,0.1077803
-0.0208435,-0.0567932,-0.00814819,0.001778603,-0.008871078,0.003705978,-0.1142776,0.9355539,-0.05751282,-0.005688667,0.002820015,0.002937317,0.7596461,-0.2437774,0.5932013,0.1078068
-0.02062988,-0.0569763,-0.008758541,0.001107216,-0.008993149,0.003095627,-0.1412775,0.9385538,-0.05451294,-0.005410194,0.002627373,0.002287865,0.7594309,-0.2445925,0.5931255,0.1078944
-0.02044677,-0.05670165,-0.008850094,0.0009241104,-0.00859642,0.00242424,-0.1412775,0.9385538,-0.05451294,-0.005168915,0.002894402,0.002161026,0.7592283,-0.2453474,0.593052,0.1080098
-0.02075195,-0.05828856,-0.008911129,0.0004663467,-0.008413315,0.001966476,-0.1412775,0.9385538,-0.05451294,-0.005421638,0.001298904,0.00206852,0.7590414,-0.2460655,0.5929673,0.1081544
-0.02001953,-0.05792235,-0.009735104,0.0008935928,-0.008291245,0.001630783,-0.1142776,0.911554,-0.03351288,-0.004641533,0.001659393,0.001213074,0.7588507,-0.2467421,0.5929,0.1083201
-0.02053833,-0.05834959,-0.01074218,0.0005884171,-0.008138657,0.001234055,-0.1142776,0.911554,-0.03351288,-0.005116463,0.001225471,0.0001802444,0.7586917,-0.2473885,0.5928006,0.1085033
-0.02041626,-0.05737303,-0.01159668,0.0001916885,-0.007741928,0.001142502,-0.1142776,0.911554,-0.03351288,-0.004951477,0.002193451,-0.0006904602,0.7585772,-0.2479969,0.5926601,0.1086826
-0.0206604,-0.05691527,-0.01229858,-0.0002946854,-0.007436752,0.0006542206,-0.1262775,0.9565539,-0.06951294,-0.005156517,0.002643585,-0.001401901,0.7585018,-0.2485612,0.5924836,0.1088815
-0.02017212,-0.05535887,-0.01049804,-0.0007829666,-0.007070541,7.43866e-05,-0.1262775,0.9565539,-0.06951294,-0.004635811,0.004192352,0.0003900528,0.7584215,-0.2490849,0.5923255,0.1091046
-0.02026367,-0.05590819,-0.009094235,-0.001729012,-0.007436752,-0.000289917,-0.1262775,0.9565539,-0.06951294,-0.0046978,0.00363636,0.001786232,0.7583448,-0.2496169,0.5921487,0.1093808
-0.0203247,-0.05541991,-0.008514401,-0.001942635,-0.007284164,-0.0008087158,-0.1412775,0.947554,-0.060513,-0.004733086,0.004119873,0.002360344,0.7582672,-0.2501226,0.5919794,0.1096798
-0.01974487,-0.05722044,-0.007263182,-0.001423836,-0.007314682,-0.001754761,-0.1412775,0.947554,-0.060513,-0.004138947,0.002318382,0.003594398,0.7581257,-0.250583,0.591899,0.1100406
-0.01965332,-0.05804442,-0.0067749,-0.0004472733,-0.006978989,-0.002120972,-0.1412775,0.947554,-0.060513,-0.004038811,0.001497269,0.004055023,0.7579309,-0.2510144,0.5919001,0.1103929
-0.02017212,-0.0578308,-0.006225584,0.001015663,-0.006856918,-0.002578735,-0.1412775,0.947554,-0.030513,-0.004551888,0.001716614,0.004562378,0.7576603,-0.2514464,0.5920008,0.110726
-0.01977539,-0.05746458,-0.006103514,0.002419472,-0.006368637,-0.002944946,-0.1412775,0.947554,-0.030513,-0.004153252,0.002092361,0.004631042,0.7573318,-0.2518392,0.592196,0.1110368
-0.01937866,-0.05807494,-0.004974363,0.003975868,-0.005880356,-0.003616333,-0.1412775,0.947554,-0.030513,-0.003764153,0.001496315,0.005689621,0.7569131,-0.2521853,0.5925268,0.1113413
-0.01947021,-0.05700682,-0.005157469,0.005013466,-0.005392075,-0.004165649,-0.1382776,0.9445539,0.00548645,-0.003868103,0.002581596,0.005429268,0.7564612,-0.2524912,0.5929193,0.1116293
-0.01937866,-0.05667113,-0.003906248,0.004952431,-0.005239487,-0.004348755,-0.1382776,0.9445539,0.00548645,-0.003790855,0.00293541,0.006599426,0.7559918,-0.2527894,0.5933362,0.1119185
-0.01992797,-0.05639647,-0.003662108,0.004677773,-0.005392075,-0.004837036,-0.1382776,0.9445539,0.00548645,-0.004355431,0.003228188,0.006764412,0.7555264,-0.2530863,0.5937425,0.1122354
-0.02005005,-0.05599974,-0.005096434,0.003731728,-0.005331039,-0.005172729,-0.1622775,0.9655539,-0.03651275,-0.004496574,0.003641129,0.005265236,0.7551323,-0.2533472,0.5940661,0.1125866
-0.02096557,-0.05532835,-0.005310057,0.002999306,-0.00569725,-0.004928589,-0.1622775,0.9655539,-0.03651275,-0.005423546,0.004325867,0.004994392,0.7547756,-0.2536535,0.5943226,0.1129345
-0.02050781,-0.05572508,-0.006195066,0.001870155,-0.005788803,-0.005447388,-0.1622775,0.9655539,-0.03651275,-0.004984856,0.003941536,0.004065514,0.754479,-0.2539125,0.5945092,0.1133508
-0.02185058,-0.05706786,-0.007202147,0.001381874,-0.005880356,-0.00553894,-0.1322775,0.9145538,-0.05451294,-0.006342888,0.002609253,0.00302124,0.7542194,-0.2541822,0.5946435,0.113769
-0.02221679,-0.05657957,-0.007385252,0.0007104874,-0.006399155,-0.00553894,-0.1322775,0.9145538,-0.05451294,-0.00672245,0.003106117,0.002806664,0.7539867,-0.2544837,0.5947242,0.1142149
-0.02236938,-0.05752562,-0.006988524,0.0001001358,-0.006765366,-0.005752563,-0.1322775,0.9145538,-0.05451294,-0.006890297,0.002168655,0.003174782,0.7537621,-0.2547942,0.5947823,0.1147012
-0.02227783,-0.05657957,-0.006195066,-0.0002641678,-0.007802963,-0.005996704,-0.1562775,0.932554,-0.05451294,-0.006813049,0.003123283,0.003938675,0.7535204,-0.255159,0.594826,0.1152505
-0.02322387,-0.05657957,-0.007385252,-0.0003862381,-0.008169174,-0.005874634,-0.1562775,0.932554,-0.05451294,-0.007769585,0.003129959,0.002723694,0.7533031,-0.2555581,0.5948237,0.1157972
-0.02374267,-0.05639647,-0.007446287,-0.0008134842,-0.008382797,-0.005996704,-0.1562775,0.932554,-0.05451294,-0.008296967,0.00331974,0.002640724,0.753103,-0.255971,0.5947901,0.1163581
-0.0234375,-0.05551146,-0.006317137,-0.001545906,-0.008932114,-0.00617981,-0.1472775,0.9235538,-0.03651275,-0.008001328,0.004210472,0.003750801,0.7529048,-0.2564079,0.5947334,0.116967
-0.02368164,-0.05484007,-0.004180906,-0.002095222,-0.009420395,-0.006088257,-0.1472775,0.9235538,-0.03651275,-0.00825119,0.004886627,0.005864143,0.7526849,-0.2568987,0.5946773,0.1175894
-0.02416992,-0.05496214,-0.004333494,-0.002766609,-0.01006126,-0.006149292,-0.1472775,0.9235538,-0.03651275,-0.00874424,0.004769325,0.005693436,0.7524856,-0.2574256,0.5945708,0.1182489
-0.02383422,-0.05532835,-0.002960203,-0.00301075,-0.01042747,-0.006088257,-0.1832776,0.926554,-0.05751282,-0.008413315,0.004407883,0.007044792,0.7522622,-0.2579778,0.5944783,0.11893
-0.02386474,-0.05444335,-0.001922606,-0.003621101,-0.01088524,-0.005966187,-0.1832776,0.926554,-0.05751282,-0.008444786,0.005296707,0.008061409,0.7520418,-0.2585694,0.5943599,0.119629
-0.02383422,-0.05514525,-0.001983641,-0.003926277,-0.01131248,-0.006057739,-0.1832776,0.926554,-0.05751282,-0.00841713,0.004598618,0.0079813,0.751824,-0.2591742,0.5942239,0.1203623
-0.02346801,-0.05538939,-0.001281736,-0.003499031,-0.01180077,-0.006118774,-0.1682776,0.9595538,-0.04851288,-0.008054733,0.004360199,0.008657455,0.7515613,-0.2598055,0.5941269,0.1211184
-0.0231018,-0.05465697,-0.001800535,-0.003560066,-0.01164818,-0.005630493,-0.1682776,0.9595538,-0.04851288,-0.007689476,0.005096436,0.008114815,0.7513204,-0.2604395,0.5940052,0.1218459
-0.02371215,-0.0550537,-0.0007934552,-0.003651619,-0.01201439,-0.00553894,-0.1682776,0.9595538,-0.04851288,-0.008296967,0.004703522,0.009095192,0.7510576,-0.2611177,0.5938902,0.1225736
-0.02331543,-0.05551146,-0.0004577618,-0.003499031,-0.01256371,-0.005325317,-0.1412775,0.947554,-0.060513,-0.007896423,0.004249573,0.009399414,0.7507695,-0.2618308,0.5937861,0.1233192
-0.0236206,-0.05569457,-0.0004577618,-0.003437996,-0.01314354,-0.005233765,-0.1412775,0.947554,-0.060513,-0.008194923,0.004070282,0.009366035,0.7504677,-0.2625867,0.5936754,0.1240795
-0.02328491,-0.05548094,-0.001708983,-0.003376961,-0.01402855,-0.005050659,-0.1412775,0.947554,-0.060513,-0.007851601,0.004286766,0.008084297,0.7501708,-0.2633835,0.5935304,0.1248777
-0.0231018,-0.05499266,-0.002777098,-0.003560066,-0.01439476,-0.004745483,-0.1562775,0.9565539,-0.05451294,-0.007657051,0.004776955,0.006990433,0.7498991,-0.2642006,0.5933405,0.1256834
-0.02346801,-0.05569457,-0.003906248,-0.003865242,-0.01500511,-0.004379272,-0.1562775,0.9565539,-0.05451294,-0.008008003,0.004074097,0.005841255,0.7496516,-0.2650598,0.593096,0.1265018
-0.02410888,-0.05526732,-0.004089354,-0.004536629,-0.01546288,-0.003921509,-0.1562775,0.9565539,-0.05451294,-0.008625984,0.004497528,0.005642891,0.7494353,-0.2659715,0.592787,0.1273152
-0.02328491,-0.05432128,-0.004913328,-0.004811287,-0.01659203,-0.003860474,-0.1562775,0.9565539,-0.05451294,-0.007779121,0.005439758,0.004807472,0.7492254,-0.2669257,0.5924336,0.1281961
-0.02420043,-0.05474852,-0.00552368,-0.005482674,-0.01704979,-0.003463745,-0.1562775,0.9565539,-0.05451294,-0.008665085,0.005005836,0.004193306,0.7490513,-0.2679279,0.5920102,0.1290756
-0.02392578,-0.0545349,-0.005828856,-0.006093025,-0.01775169,-0.003463745,-0.1562775,0.9565539,-0.05451294,-0.008360863,0.005210876,0.003889084,0.7488948,-0.2689552,0.5915389,0.1300048
-0.02328491,-0.05407714,-0.00564575,-0.006123543,-0.01830101,-0.003250122,-0.1712775,0.9655539,-0.02151276,-0.007689476,0.005661011,0.004071236,0.7487252,-0.2700123,0.5910617,0.1309571
-0.02328491,-0.05410765,-0.006561277,-0.006123543,-0.01869774,-0.003219604,-0.1712775,0.9655539,-0.02151276,-0.007658005,0.00562191,0.003157616,0.7485635,-0.2710833,0.59056,0.1319291
-0.02294922,-0.05270385,-0.00564575,-0.00603199,-0.01933861,-0.002914429,-0.1712775,0.9655539,-0.02151276,-0.007287025,0.007017136,0.004069328,0.7483724,-0.2722114,0.5900635,0.132908
-0.02377319,-0.05270385,-0.006958006,-0.006855965,-0.01976585,-0.002700806,-0.1442776,0.9445539,-0.01851288,-0.008070946,0.007005692,0.002764702,0.7482368,-0.2733682,0.5894759,0.1339005
-0.02319336,-0.05169677,-0.00564575,-0.007435799,-0.02028465,-0.002578735,-0.1442776,0.9445539,-0.01851288,-0.007450104,0.008000374,0.004084587,0.7480926,-0.2745573,0.5888727,0.1349238
